$ANSIBLE_VAULT;1.1;AES256
63393266646236393234373262313530373364363563376464383633316565613039613636663831
6436656665636331663439353262616365666565376430320a383437626532393864376631366130
34343034373735363131656661376632653130633430633437353966363362396430333463353464
6664323932666134390a323835306137646262393662363865323438393730333139663366353765
66323863303862323836313431616565626637313535306164636562383839336665386235313334
37343838343734346464646366363366623366376437383139316134353731343262343437303032
37333530383933636239333333383563656265643635306237353662643939343136636636363431
63346565383331316632346364623838303862373061666562333931636232336237363431646435
65653237323435623532636464393239393032303666646462636330383438373165396637373332
61633964336261383431653664346631386132323935346435633963616237343732396239323335
33393033356137303938303434636232653936666438626637636261326366366534363038366563
32303463356535383230343633623466333565656231626230383665353530373738653365383631
64613738393861626162373236316465376230623066653032323738373265366639383063303030
38363065616362313134353631376333373736623031323332313838396563303539363461326132
66313662373063666263363535613733626438303461613565303039396437616339636565326664
31633637326331336162666437363863643231653739346466396664633538613839666264613638
37386265663032376134303762303631353065616139336232393932303963633836336465356633
61323862313566623832646432653966376239633734613234393833323832313139333632346431
30396362343636666466376330353738666564383534373964656339376436343933313935626662
65336239346665383363363431643239663563363435316333313664393065363639343032626338
63613036663530653465396135633963666537636634316566613665646230613230346539656164
32653430656631373232393332636462326636313432613065366638353062393531316439313764
39616663333965376531303433636463316663333736393461353732356630313366366638366139
34633933336337373461636433623137316230373636636432656438366134306134373064393631
31316236373932393962393862323437373132353263363039366235306236393830306432636663
61633734343637356162323262396536323761363566623865336664313038653437626335366331
61393833303235373931633666613231326332313935653539633532383533653931303536373533
35326130623366336638633931663765303931623734643737316530656236636335393330666637
39346364363736366233663462393139363932363132316531356534646239323335326465636364
39313437336238323437313038336635383334626139373463663333663136616562343162626235
64383466653931353763353238343839323539626662313831623934366437353765373363356664
30366631666236316334356266646264396532366238373031333033373061303433643865376263
34313238366338363465613537643366366461336161626437366530383239616136633631303362
62373537383331616336636438366664376333396562353761653131376661363534653637336165
31393439643837396431623764643736623232383361353564396130386137393162623564366235
35363837383534326365646632313362316261313232306264643334363831323362383237626535
36643834633831626466656232383033363835653464643464386564613065386233303463646165
33643933346639613562613138313030616431383039323339653730633161346361306465346235
61306533363939653665653366383937343661643036386635303134346536336333623566663031
36383434623962643835333264373764653234393730313033373430303961643861363462356637
37373137363465623634313063376561303763643366616531386561333338613538623439383562
31663137366335393533656234383332666532376138373030376464303739623331366166613932
39333566316432316562356334646338376238363936373563633162366133613361303766363731
34356163633863636361343133623661323164386230343338306636363963623430393432646338
32363534323837643138343438303765616263376430326464633339363436323932383533613535
37383331333161646663363933363131383130323366333331656562666637626637623164336364
34393030636635373536623739353238613164376639303633663031303832653661643134633332
34643936386232336562616632623664353063636639633434316565333164366437333962653363
64653832306431323762393833653664653530333831373766656564646239376266623034323361
35353631626666353738316162633738623132336661633537653039666238343262326635356531
36623736383633376334666562343434616131363537636536323732326563323139333937313066
62343865643966626639336162353664346138366261303038323438626235616532663264613038
39336364633232393062353761626366663666613265356330353063643366303264663333666364
30376532346238616435313966316333373332396530363739373162396434313965343661336434
64343034393531386264366362663632626336613730313033663565376431313863366132333632
63323335663932323362363039633535623837663033626162333362653965326636303330316565
34333736303762666232373864303534616361396536616430383432623566346263303664643663
36623037383937326236313064336162656535373439616264623066633365323835653862346661
61626330633134336539636363396364396535303733346232643435386631616636616161323139
31656634393232623330333166653639353532623834386463343036313130313937343333393961
63343962336363383266356536373836373233623733376664356338656134303036326535666565
61396139643739656633343962333764366232383262323138396332386231393963333565336366
61343366613439356266653136663536666564376337353837636333396630303039313865356164
62613264613334353366
